num_adv= 1547
ave_diver =  25.10907430531675
error_1,error_2= 1176 1313
error_rate= 0.7601809954751131 0.8487394957983193
ave_search_time= 5.591467356173238
Total time= 951.749075
ave_time= 0.6152224143503555
